9292031488
7282839578
5542310159
7010980707
5291820726
7951273333
6793188733
8581424986
5223084781
9512222085
5213686248
8513221437
5252616074
7712893587
6692433036
9542665835
7831825221
6182157873
5140277796
5272350219
5241422449
5512637022
1231209485
6462939051
7282782341
5342583272
8172178455
5212668159
9581487645
6292228723
6691061495
6652689172
7122573025
5213900693
7842324327
7542655221
9490188687
7352644214
5542720006
6731101799
7611474328
9291778133
7721018666
5882060951
6171272599
6912201808
6762479582
6561997910
5971501983
6121873345
7511499139
1181904325
5731728552
9271906852
5882436623
9552525024
6922511456
9720978253
2530262016
6772431915
8571668652
6691770582
1231003878
9521691230
6731897835
8513250249
8942695271
5223016957
8341703652
6312694903
7352709304
8561729671
7231528414
5213559136
6442852855
6431387030
6040224938
9571111312
9512114906
5361597140
5252353858
7010935351
1132784648
7252294625
5861042238
7350013047
9671421271
1132907743
6572854775
6821674671
9571115333
6961895691
5541409275
8842413698
5252646425
7010286266
5361673496
7531940917
7962994958
8811116545
5252612975
6510004253
5862340713
5213469226
7011051430
9521710476
6762605058
8952233885
6131509925
1251152305
9532785590
5213683215
8762377233
8641962458
9452008944
7351006977
5252628232
5881806526
9591948007
7411867951
7123429709
6110110922
5212226898
6581036148
6371191084
6751758887
6341810594
7831853298
5661022981
6492280214
9661611969
5482733263
5252698391
6521750333
7182135760
6412138722
1231288958
8361690579
5170416943
9570297639
8992920988
6871254994
5321761231
8992880237
9522224275
7011024479
5842815797
5562665718
5992160814
1231084983
6922511456
8792029028
5342495674
7543051979
5562514304
7861727434
6452575506
6951074662
9590810608
5542275664
6793238974
5842655135
5892073725
5252880055
5213628676
1251704584
9671453408
8851513459
6462996681
1133076988
7711806511
5562626871
5130222612
7292741705
9571088197
8222259300
1231233294
9512386421
5842587706
5252942402
9930676127
5532577174
9482239192
6263054002
6341921307
8971920374
6692560898
8561653241
7792552539
7543359163
5214008088
8760008425
5993275169
5882436623
9542852690
5661906527
8952035464
8491590008
5861273110
5862023728
6112779581
8862621603
7532196378
8982216153
9731078949
9662179037
6751766585
9581383288
5882389473
5212793781
7812043003
6261855755
9291872180
5751716196
5213184133
5661918393
7431946381
7531293719
8971929139
9552559603
8992768322
5731101327
1182264684
8551572564
9151662809
7312069198
7451849439
9571165845
9482642870
5441008039
7011155810
7010833745
6661771648
7011180475
7132952103
8181675638
7352773897
7822072561
8521728257
6912178736
7532472588
2530262016
5792110740
5273001917
5272802785
5932348856
9581510410
7011067299
6931201034
6341784454
5170443101
7822933193
7272873177
6762610409
7142062196
5213885367
6351578153
8981010567
8262221597
7842324327
7381690955
7411963873
5242987811
7712648988
5242899403
7822351864
7842401766
5993272811
5862340877
7011189499
6492280214
7792541197
5990107313
5881599895
6151336451
7692231333
9730753691
6832096350
7492118738
5272753199
7622020967
9462739081
5223011718
6462577518
8431036099
9452283805
9910555277
7532469942
8491514326
7822387141
8161617017
9542796483
1180396542
1182284652
1231555690
9372707953
5361618741
2220917612
6452581694
8982299535
1180363376
4990022705
5130271160
9131634632
7372246681
5882515050
6751793139
6922540593
7361735459
8733290713
8982108630
6793297327
1132884396
5272955655
6772431915
5833511572
5842852290
5932352728
7773405760
7281759601
5922232603
5261062847
5423488431
9452260075
5252502637
7962823642
9671478696
6721417199
8952270403
8943167284
7312010779
7882043296
9662196449
8943211513
7773433147
5342653417
7393879049
7011220329
5882520105
5521416898
5272071666
6722109703
8211094999
6423256508
5242986384
6262523771
9452245785
8792510599
6831930555
6621790562
2220910403
7891664508
5222707553
5981649598
1133149523
7582364599
8522598845
7011128339
8661102718
9542879370
7571494944
5214009656
6292512536
8411479445
6040254879
7142053961
7831887920
1251762104
5342384816
7010964192
6692560898
1250267130
9522049375
6783221765
5291811236
5833439366
9532808753
7393278143
6793214407
5841276683
5792177276
7732457286
9512390888
6312704843
9930702474
7491020173
6252304949
1133158597
5842846444
6793288334
9910558123
5993296094
6443589325
8522716316
9571183079
6121888884
1251635191
7810016918
6442952717
9281288261
5273114024
5671918503
7441751466
5242853772
6381605587
7133021565
5432040084
6751811593
9571184624
5862415724
7252333584
7361226634
5273129014
8971860270
5542995068
9251471925
5851506788
6841085742
7642331877
6762640103
6511739028
7831588442
6692577350
9111932148
8481867879
6731916604
5030090619
5882528472
5243005402
7842526858
7751473748
5771752054
5870010232
9522265883
5130110899
7382155276
8513241351
5223141303
1231567457
7312091275
6871986792
7773411306
5223163262
8792096800
9730397049
6372222384
8993013293
8442371720
6912586978
6342993444
9512617837
9462747577
9581753526
6463020858
5342690967
8311594371
7282860348
9671423933
5761597095
9592082314
6292516020
6981712110
8442385113
6312706121
5832657842
6851147568
8961605139
5833497228
6443063764
7011264226
7272505976
8331253213
5342695947
9512622637
7181752752
5342511634
8691885027
8561927595
9571189484
5372672052
1133156486
6322040161
5060119836
5214088549
5882512198
5223245623
1182246947
9662110181
5311267759
9880294871
5223006798
5242899946
7951128594
8652542895
7792582500
5861940782
8231624213
8733301635
6412573369
1182308795
5260027257
6991972864
7011214228
5792274660
8982308458
8681993519
7133133956
7792447989
7812009590
7221327683
8831883549
6112844522
7312092582
1251724569
7831936802
9532372706
9292082304
6282288965
9592086186
6292331355
6793339758
5492486145
7352930865
8291758058
9820390068
6463012876
5223084781
1251785513
5223214290
1251796497
8231667412
5273189714
6793329760
5342195512
5492469098
6762624601
7822961427
6560004031
5253058943
7011281414
5020130731
7492117584
6511540344
8993032333
9721347081
5214138218
8862307640
1133185950
9592080930
8971955177
5252917953
5423503082
5214117481
8561931869
5223354789
7642539655
7481596569
5223275529
5732897920
1133177896
7542995827
6442074524
8361775465
5741004413
5632444136
1231583539
6912591809
6793331449
9112021839
6121893247
9121953904
8391600931
6321965247
9910426284
5253017588
5543043401
6922547922
6372227074
5214073565
7962998666
5262473280
6912592200
5214120939
5562655192
6912484930
6912485094
9721372593
6793154556
5253074758
6462699150
5273201295
8522617732
5221750966
6121889300
6912490818
7352860389
5221842289
5253027865
5993310109
6852345603
5223006798
5581889028
6112849531
7011294782
5991376914
6972097763
5243060950
7831933755
7831676494
7352145617
5223367332
8971689600
5170466361
5213868558
7971326127
5961325088
7011279937
1132148786
5833511572
6741069519
9570211566
8512696339
5253077030
6783236465
5751906011
5214116116
9181761812
9282111300
5311730890
9482316314
6692586998
6692587294
6491038729
6951538765
5871756407
7251928619
9271887907
8311156688
6472617194
7262267541
8792566200
7272528612
6793360994
5211551403
7831951612
7822968990
4980212083
8993055110
1133110515
5882436623
9292095175
8361578196
5214163251
5020130843
5050066989
5214073565
5223368550
7122817154
8961662522
5223349972
1133199372
5423415314
9141420157
1182224259
1182319362
8971970283
9662191593
5361916964
5871703003
9252154138
5882536454
6741319198
7394032964
7011305988
8733307856
8262179547
5562821963
5223262998
9591861720
